81 148 459 289 81 81 129 154 2497558594
82 146 152 76 158 103 146 75 3499624924
83 144 105 108 289 99 144 109 4501669601
92 130 75 88 233 129 130 82 5503714279
92 130 83 84 109 130 130 97 6505758957
93 129 83 83 214 130 129 135 7507803634
93 129 206 302 124 129 129 129 8509848312
93 129 227 75 208 129 129 150 9511892990
93 129 247 80 81 129 129 129 10513937668
93 129 120 85 214 129 129 129 11515982345
93 129 170 135 162 129 129 147 12518027023
93 129 136 102 134 129 205 129 13520069950
93 129 252 105 306 129 166 129 14522114628
93 129 158 213 291 129 129 129 15524159305
93 129 133 116 201 129 165 129 16526203983
93 129 75 119 103 97 129 161 17528248661
93 129 137 155 166 130 129 259 18530293339
93 129 96 156 173 130 129 94 19532338016
93 129 211 140 206 129 129 88 20534382694
93 129 112 112 187 129 129 129 21536427372
93 129 112 232 135 129 129 137 22538472049
93 129 207 150 131 129 129 158 23540525056
93 129 133 207 87 129 129 220 24542569734
93 129 96 98 76 129 129 129 25544614412
93 129 94 243 94 129 129 77 26546659089
93 129 368 296 139 129 130 158 27548703767
93 129 101 228 198 130 129 81 28550748445
93 129 186 228 93 129 130 81 29552793123
93 129 100 142 182 129 129 116 30554837800
93 129 111 148 223 129 129 129 31556882478
93 129 152 268 78 129 129 153 32558927156
93 129 129 130 176 121 129 132 33560951651
93 129 173 76 131 130 129 129 34562996328
93 129 228 231 103 129 129 129 35565041006
93 129 244 209 213 129 129 129 36567085684
93 129 115 136 191 148 129 129 37569130361
93 129 77 80 167 129 129 129 38571175039
93 129 282 151 217 129 129 129 39573219717
93 129 79 79 122 129 129 262 40575264395
93 129 79 80 159 129 129 129 41577309072
93 129 93 174 206 129 129 166 42579353750
93 129 78 77 164 129 129 129 43581412829
93 129 166 169 92 129 129 129 44583457507
93 129 166 261 248 129 129 129 45585502184
93 129 78 83 147 129 129 175 46587546862
93 129 213 211 126 129 76 204 47589591540
93 129 211 191 132 130 129 85 48591636218
93 129 78 98 132 129 129 82 49593680895
93 129 78 78 226 129 129 129 50595725573
93 129 99 79 105 129 129 129 51597770251
93 129 303 190 185 129 129 88 52599814928
93 129 116 90 116 129 129 129 53601858531
93 129 141 301 269 130 129 80 54603903209
93 129 211 189 187 130 129 129 55605947887
93 129 85 106 173 146 129 91 56607992564
93 129 156 176 156 129 169 129 57610037242
76 158 126 384 177 138 161 158 58612081920
89 134 92 75 134 84 75 75 59614126598
121 99 92 75 80 83 99 298 60616171275
122 98 102 225 76 79 114 98 61618215953
122 98 252 123 130 131 98 250 62620260631
146 82 131 102 92 170 82 76 63622313805
155 77 76 77 75 75 98 76 64624358482
159 75 217 158 193 89 102 75 65626403160
111 108 138 112 178 133 179 108 66628447838
117 102 102 225 192 192 192 189 67630492516
118 101 101 165 200 200 200 200 68632537193
118 101 101 185 184 184 184 91 69634581871
60 199 201 199 202 202 201 200 70636626549
63 191 226 191 224 224 225 225 71638671226
61 196 333 248 197 197 196 332 72640715904
61 195 81 146 195 180 158 80 73642741444
70 171 215 92 171 104 75 102 74644786122
63 189 347 189 345 389 75 199 75646830799
64 188 120 171 188 137 194 119 76648875477
121 99 75 81 97 99 84 75 77650920155
144 83 82 80 83 79 80 115 78652964833
127 94 170 111 424 97 129 94 79655009510
108 111 108 111 103 129 129 129 80657054188
114 105 105 100 123 129 129 129 81659098866
116 103 117 96 117 130 129 103 82661143544
102 117 117 206 317 130 129 228 83663188776
93 128 128 129 87 89 129 129 84665233454
93 129 264 112 162 130 129 204 85667278132
116 103 148 103 103 248 199 89 86669322809
109 110 110 113 111 135 129 129 87671367487
112 107 107 163 107 129 129 129 88673412165
117 102 100 101 102 129 129 210 89675456843
124 96 79 96 84 129 129 77 90677501520
151 79 136 79 161 130 129 129 91679546198
93 129 154 171 138 208 129 129 92681590876
93 129 154 104 81 129 129 129 93683631120
93 129 304 122 148 129 129 119 94685675797
93 129 144 161 165 129 129 132 95687720475
93 129 215 129 198 129 129 129 96689765153
93 129 126 90 213 129 113 129 97691809831
93 129 316 161 83 129 143 129 98693854508
93 129 76 176 130 129 129 129 99695899186
93 129 123 203 109 129 129 129 100697943864
93 129 182 203 158 130 129 129 101699988541
93 129 126 125 341 137 129 129 102702033219
93 129 232 160 171 130 130 129 103704099392
93 129 211 211 116 129 129 129 104706144070
93 129 208 113 152 129 129 129 105708188747
93 129 255 109 131 129 129 138 106710233425
93 129 160 121 150 129 129 129 107712278103
93 129 104 163 150 129 317 129 108714322781
93 129 253 212 172 129 179 129 109716367458
93 129 79 80 77 129 249 200 110718412136
93 129 304 133 102 129 129 178 111720456814
93 129 78 97 79 129 82 129 112722501492
93 129 75 78 78 129 85 130 113724532464
93 129 116 77 124 129 129 129 114726577142
93 129 78 171 77 189 129 129 115728621820
77 156 235 156 178 179 171 252 116730666497
77 155 177 173 182 181 90 155 117732711175
124 96 96 90 92 92 95 75 118734755853
